2.908226490020752, Quadrant 3,[ 49 114 130],Entered
6.962744474411011, Quadrant 2,[151 163 165],Entered
7.65999698638916, Quadrant 2,[193 201 202],Exited
12.169786930084229, Quadrant 4,[87 88 42],Entered
17.956090927124023, Quadrant 4,[35 43 53],Exited
26.85168719291687, Quadrant 1,[33 80 94],Entered
30.749738693237305, Quadrant 1,[60 68 91],Exited
36.03702664375305, Quadrant 4,[87 89 33],Entered
36.509026527404785, Quadrant 4,[84 90 34],Exited
36.81840896606445, Quadrant 4,[71 74 29],Entered
37.95081377029419, Quadrant 3,[35 75 85],Exited
38.27780842781067, Quadrant 3,[36 82 93],Entered
38.884552240371704, Quadrant 3,[32 70 82],Exited
39.19596576690674, Quadrant 3,[32 72 87],Entered
40.814021825790405, Quadrant 4,[42 52 70],Exited
43.7166805267334, Quadrant 1,[ 33 103 118],Entered
43.7166805267334, Quadrant 3,[ 68  80 102],Exited
45.93816041946411, Quadrant 3,[206 220 222],Entered
46.19068956375122, Quadrant 2,[54 59 27],Entered
46.19169092178345, Quadrant 3,[206 221 221],Exited
46.889244079589844, Quadrant 1,[ 50 133 149],Exited
46.889244079589844, Quadrant 3,[201 217 217],Entered
47.15571665763855, Quadrant 3,[213 228 230],Exited
47.607897996902466, Quadrant 1,[ 40 118 136],Entered
48.40795063972473, Quadrant 1,[ 38 111 126],Exited
48.40795063972473, Quadrant 2,[71 73 46],Exited
48.59326410293579, Quadrant 1,[ 38 118 136],Entered
48.59426140785217, Quadrant 2,[66 68 42],Entered
49.14484763145447, Quadrant 1,[ 38 119 137],Exited
49.14484763145447, Quadrant 2,[55 56 25],Exited
49.395631551742554, Quadrant 1,[ 38 111 126],Entered
49.396628618240356, Quadrant 2,[52 55 25],Entered
50.72105312347412, Quadrant 1,[30 35 47],Exited
51.05053353309631, Quadrant 3,[211 222 224],Entered
54.84249997138977, Quadrant 2,[19 25 32],Exited
55.82897686958313, Quadrant 1,[ 73 102 225],Entered
55.82997488975525, Quadrant 2,[168 181 183],Entered
55.82997488975525, Quadrant 3,[201 216 218],Exited
57.26249384880066, Quadrant 2,[126 140 145],Exited
57.86047863960266, Quadrant 1,[ 58  88 202],Exited
57.86047863960266, Quadrant 4,[76 80 37],Entered
58.453222036361694, Quadrant 2,[204 219 222],Entered
58.83005094528198, Quadrant 2,[196 211 213],Exited
59.048604011535645, Quadrant 3,[ 47 112 128],Entered
59.26714754104614, Quadrant 2,[210 218 222],Entered
59.26714754104614, Quadrant 3,[ 49 114 130],Exited
59.530718088150024, Quadrant 2,[209 224 226],Exited
59.531715631484985, Quadrant 3,[ 48 119 141],Entered
59.98151516914368, Quadrant 3,[ 53 115 133],Exited
60.21507477760315, Quadrant 3,[ 48 115 132],Entered
60.417349338531494, Quadrant 3,[ 45 115 134],Exited
60.66288661956787, Quadrant 3,[ 43 113 132],Entered
60.880286693573, Quadrant 3,[ 44 110 124],Exited
60.880286693573, Quadrant 4,[73 76 38],Exited
61.097835302352905, Quadrant 3,[ 50 112 130],Entered
61.097835302352905, Quadrant 4,[81 81 37],Entered
61.26847553253174, Quadrant 2,[188 199 201],Entered
61.26847553253174, Quadrant 3,[ 49 110 129],Exited
61.26847553253174, Quadrant 4,[81 84 38],Exited
61.50157165527344, Quadrant 2,[191 201 207],Exited
61.50157165527344, Quadrant 4,[70 75 34],Entered
61.70470070838928, Quadrant 3,[ 46 111 131],Entered
61.70470070838928, Quadrant 4,[73 77 35],Exited
61.92320704460144, Quadrant 3,[ 48 109 130],Exited
61.9242045879364, Quadrant 4,[67 69 26],Entered
Elapsed time: 00:01:02.127162